20
601 536 525 527 526 618 442 508 478 540 541 510 466 599 406 556 565 541 664 541
595 527 554 557 601 617 425 507 506 539 571 574 554 624 476 579 645 500 722 641
618 581 638 645 578 590 491 593 569 548 652 634 599 672 538 547 721 550 765 672
692 568 628 624 618 653 469 544 567 557 639 517 613 641 516 589 716 581 795 670
617 528 585 633 554 557 501 571 583 542 607 522 594 681 441 568 610 523 740 587
730 631 634 716 659 652 537 591 613 594 714 630 735 686 540 671 710 519 908 701
636 624 639 675 688 733 497 562 607 632 648 608 628 710 580 618 707 596 828 653
707 517 645 670 659 621 523 621 597 631 670 562 621 679 471 696 710 518 852 673
693 625 700 640 567 658 481 558 563 541 689 635 604 706 524 622 728 605 763 692
699 610 680 673 719 718 511 572 585 658 652 529 617 739 519 684 719 632 832 713
708 558 630 661 602 653 536 600 578 575 652 498 552 640 501 569 711 628 799 620
590 527 568 605 556 558 414 444 469 496 585 447 555 581 430 593 611 471 704 560
631 575 587 639 616 653 473 501 580 573 574 546 583 695 453 599 606 559 754 573
677 562 603 624 576 648 443 546 548 568 583 611 580 697 463 605 654 547 744 618
652 574 553 656 647 652 446 494 621 501 626 526 592 577 527 617 722 529 823 666
732 622 691 786 725 683 532 626 666 661 660 587 693 754 505 706 770 591 894 726
711 605 594 662 621 686 565 538 587 628 608 574 688 718 487 607 633 570 798 707
667 560 632 529 597 660 501 536 546 569 645 577 594 719 473 619 622 585 740 630
492 467 520 492 488 484 387 453 520 387 520 469 435 539 438 447 590 493 617 535
703 583 630 606 635 657 445 499 557 573 645 584 630 670 474 692 690 534 820 657
